-1121456362
-168872446
1045642990
1161602730
796598469
-533701279
-1967448383
1816169275
-1972673439
-462861639
-635160783
-945840451
1597381057
-407322835
-1508278088
1878532964
-1489284255
-598834549
1583737252
-958313946
-517434814
-328256623
1015349368
-661224541
1151664259
976523941
-43604323
-1940689535
2013274198
512701413
-829690185
236336139
375002862
1783882006
447318405
1408038659
827273290
-1568487408
1714995158
-1170587648
217608247
-781504014
-2092927936
57823832
907088929
-470876232
-15456636
2057093346
-681457604
1277968548
205845161
1899176442
-85875617
-1413072814
-1632570633
762798683
935367789
-1780713060
429086386
2134917610
1544976361
-264831857
2095727160
177200576
876481504
582335814
-2127360337
610031883
1409235716
-1083974341
1193131570
-1505804630
520646151
-1341057799
-1097194304
-938159039
-1990270009
1139187615
-1978758095
1195966833
-783655068
1823654792
-1946229699
36798708
-1772401674
-1369993851
-1880086774
-1064961962
-34140825
-538832628
-1309841618
655663495
-1910796219
-977961075
-508703018
1960784103
580526669
-2007786891
-1139144923
-639536344
497105066
-1636918391
-349165421
-1027299177
469174785
-734417294
-2020118045
-1032308775
-1109738373
82767901
-972688041
1522739442
1191028457
139171790
491164511
217739371
929863922
-1434293830
1758443927
1086928577
-177778319
-1642110888
-58490399
586172267
-1849952107
1415050224
270044236
-1022413557
37289811
1569507988
1325213949
1118065473
-1872964387
1605643975
1380469124
2136595494
-969830183
-1704853363
-1814702148
400827413
536638934
981094095
6047079
1259418521
1640656769
954558092
91767692
-134275456
-509085969
1719835205
2052147037
4717085
1839394238
-1031126904
1393266134
4246165
-1655082108
700202696
-1682397160
763078856
-2141010442
1349020405
-953143838
2118459961
453448614
1097201582
-269138475
2107941364
408181388
1252713705
666682335
-2010542777
1208166448
1591899097
1801212732
570269592
-1594754302
1805444370
2041727709
46399186
556838476
-769110379
-84110517
-758916996
-2036961276
-1565894904
-157110002
-2029395679
1714462252
-320346403
611926912
149103964
-226469633
-1211374782
133538042
99176915
1728297922
198041719
1451096483
-6783137
-284071260
-785033171
818686529
-1054035707
-690642322
1905566157
-2054623286
-338493939
880519698
1090312419
-1466988591
-307906608
-228257195
682978886
-716825372
728437343
-907283306
-1157989890
-1819357137
-444841361
463050710
-842171558
-1647121745
1158050130
-1244507207
352560672
1902737552
1639584970
-973091467
-1614631948
-174340604
2145772144
-7133582
-2048387527
-1289822737
-385294719
-2088775238
-2111460187
-969919358
1019968187
-1019191113
-1295491929
117238971
-597990760
-100434780
192873407
739766554
-1051228282
125340438
360866073
-1515392386
1911902212
-2106569535
1810203928
-1138278856
332976663
772579164
1763692603
-1592569452
-1245815401
315627401
-264885618
-1598330245
48835517
1989249661
1645391430
1651091483
38559509
1507630012
-584908309
850095754
-1737462496
1062942788
529247692
-772976465
1043316270
-142397440
2093046909
638773783
-873594385
89252003
1131858082
192996301
-1875050049
247902044
-495685079
462840026
1984069822
-253029875
139897638
1105736093
1999579813
-842235031
-1748571241
371329540
-610623108
1319219333
1206351327
1644163716
1635891938
-1978858729
-1428904163
1189709678
-192565493
1895393110
-449597947
282278752
-1352530930
-1214416621
1623067208
866155018
-1164885883
1650036669
-1160905026
953853372
-987918532
-1369841133
542685185
-188785892
-645767445
-1923430559
-1683349232
-472014436
1393486814
-2922180
-153675708
-1705445697
-2094921372
-1852963449
-143465305
-1580014924
1682954145
-1572745066
-435746280
-573877968
1057012432
1700854524
-153998220
354291267
-1825401435
678969647
673925236
666896624
-1225707874
-388722878
-492191993
509016038
957621591
-2051450013
2112153301
2081399765
335009722
341114724
-1634692666
-1094365506
-1223211218
-302022202
1184414939
-279444743
-1422453021
-1524635007
-1991097894
-953157786
103187297
-10646885
1905584799
1504772467
-395736797
344646673
-1781016176
2080284939
1236356285
-1867846415
-158456418
-2070276728
269460133
1749085736
-1858964442
1780234745
1632193687
582359895
-991936607
1305875864
912395804
690296144
-1496998634
587084269
978137223
1888675342
562496888
1903524150
1766790856
1521743508
1143065970
1242698023
947581965
-108189964
-1652359035
1244615879
885927704
236051093
-871317930
-698826079
1929508695
-1305385133
-509442987
-1364149737
678383693
-1713935590
521928858
-1351244064
1638854060
453473035
1440902590
-1722363251
1499182095
765208970
1746734606
-104520692
-2091135151
-2108842945
-190786078
590670416
-539367250
564949646
1034926934
-1149770398
245716161
1327495355
735939753
1139378684
-1514295987
52291391
-1558041181
2121872203
-1230856567
-1722566196
1010547733
-1832440486
1887184139
-1383746340
-870076061
-938980612
-223348433
1904397483
2080043848
-85600134
-719070685
-1361207790
-802567503
-1013402108
-786126466
-1680805286
2068811689
870695071
-1198217793
81089742
1311286697
1501328358
475339709
526920338
794450523
1224108463
-1231259278
-1565295639
2036398536
626695762
-1585835518
2014715226
-1781385393
1255082598
-1498657149
1694932774
-123545248
990089885
-338558200
714307430
-1971953523
1459398960
1974549641
9873240
-2040106841
1958557786
-1184128656
-583842334
730910187
-1622842581
-1774319273
-1415236510
-1932800752
-1574310912
-593598593
-1006566311
1473812623
1675056832
-71995427
-1183939744
737618989
159313828
-624588135
-863812066
1344049276
904751442
338069114
1318748101
-1187124018
1230684145
-445850671
-1743366741
-1570768989
1095756777
1904807555
1337564878
561196258
1740479538
669509172
1891661234
-1003129591
-1381451772
-1210919874
1154470715
2012858709
-84574882
-573171136
1253479771
-922293460
1933053269
-938009613
25195492
-163825463
-1558009243
-148920437
-1836329211
-1785544029
-282272178
-283232879
-283388844
647299079
1096487127
-375182817
-1275374939
1619027641
1965565341
-684201578
-1934848854
-338194230
1315628773
-1008193864
864228559
1010378157
-119985988
927533911
845456270
-1168586409
-800705430
-131740528
-458297697
1667820719
1147703592
1326969519
1734794012
1234694394
-22574952
320194774
-1570810793
-365666272
-34395917
209685482
1312188235
283729298
-1500502469
-1111553083
60602927
793511780
-86760097
2127578516
-1188213597
-263496176
-463344684
1445270471
-1726363188
-1108275454
-153246411
-1213356497
-1859355520
1633074046
-941761305
-71411354
-494936381
132035760
1242033393
2122315231
-1624704517
-1106338536
-1725151536
-1125355469
67590424
-953319487
1584976467
-715745708
1190591803
-1292640514
-1265464907
-278058627
1695000034
-1645503161
-1145937078
-1336260047
-1944573293
-2013143276
265920702
512099108
1279540622
-998137195
423618227
-389875672
-2144635247
1583210530
-38623588
-55447153
-936295399
1379685263
1507651563
1661402389
-42911726
-1635018619
-2028776891
1276242924
-1977468783
467942472
1276636249
-195392005
1084368503
-315517209
-849693512
-827063747
493963519
-115986742
-1343842526
778806541
-801643375
708238210
1315877909
19750697
-1306125880
-1000093579
1515839257
1518130333
839039959
1784711402
188048331
868678966
1678571046
1362815548
916233601
-753375733
551508375
-1706796527
1701312977
-542572084
726649958
1442887050
-1610917891
-428892794
507315312
-626509849
112241246
1977181889
-663357598
1128286087
-1206386262
-178977466
-1311384021
-1757821723
46542059
247166685
1473597891
-2045802685
-1991630167
1362956989
-216263686
156319762
-1637177122
134647316
82755617
1686194070
-15828655
2101253392
1412464387
-1505192982
1668818008
-198707215
-862802515
-1396628607
1071097424
453989984
1573126877
1353647403
-1608810295
557590031
2131064576
1294449761
-1154795406
49860845
-45394890
1686422919
-875144576
828462155
1103513844
-1527783395
145310551
-532419005
-1679423930
647509912
-339225732
17208344
1742626488
-1276753878
-816249612
-1255834036
1355674394
1267860533
-955165515
985367801
-1408684940
1566430390
-1192334519
831113553
1239336794
-337268594
1161860683
-1891716991
934427287
-1898676230
-1658152517
1942882237
-2000572532
559974369
-2071813793
-1361923798
-2123171602
561848565
-936642862
-1812394465
-1075958953
1547455000
-233750808
2125605605
1153126550
947643910
-529710536
-54181743
1466901625
1288623370
1264936865
2129726191
-1608591455
-331548716
515309198
1554466322
-502127152
-432871429
1052146385
-2034982733
966007116
562534101
-1245357684
-2008061027
-719933806
1725338166
139191052
1612906310
1941008205
1936354546
-107234163
-1850923314
1450439219
-1101084295
-119860262
-1418663617
215835615
1561756531
1011538216
757644216
-478069076
-1492737250
1610055169
1784546448
-228569544
518986646
620332654
1864401847
1115716695
1569623565
-363610598
1693740219
612399424
-1557749698
901356962
-95658527
-1835943022
1252687911
1954882926
1710865073
-449058789
14515362
1556401995
1688601588
-1117768151
1897662450
1971428663
-1673631889
-2090866197
-1283594082
-1446578940
292858625
-1627733658
-1813620181
-1311920334
506389709
1060417089
1653293886
1225257875
1575514674
-565740589
-860213105
257965573
-1888482871
-888894992
1450917846
1047839762
-2005532321
-835502227
-1806585502
-1067080069
50507662
192054379
-417740438
1692120496
-507702986
-18651890
-66151262
-318463452
1671706096
988016371
1760018970
1141624329
712105584
136282871
356265833
337793528
70302248
2114449783
1921219459
1746874703
-50645724
-37568933
191904549
-559614560
224464109
-807939927
-1118067165
-1850214294
78713816
-434288697
1889047087
-1779950073
-1926912829
-1470093417
1566622482
-1850109895
-62656720
-1721963755
1338153128
1064169963
977222578
-1419696434
-431954578
-1116723261
-1073921629
1433939230
-78056060
1595424748
680868638
-663373048
712126396
882603979
-85113743
1661831514
-1402584800
-1731029301
320665406
-1740821956
1169805822
659720819
1070275934
1088703728
-1920655324
1527832613
157854367
337798153
1953383224
-1521366613
-1721578980
1162254010
-562052507
1941626142
1894044240
-1725167437
-135748686
-710779838
1884904584
-993488369
1575118959
227730834
192387964
-454646953
-619219240
-1111245386
1928684030
-2038133313
707054072
-1901413672
-719474111
-273893809
-1693636473
1246415589
-37795576
2023391259
820889183
-435371983
1739400485
1262255449
-1235975798
-402394726
-515987726
1537385749
-188051251
-869602781
667360332
1509598739
793165874
444905621
-1723711920
2114478783
-958642415
-589499287
1310813342
364444878
284837594
-899786220
1270923276
19019821
1615194614
-252890462
1960252307
737786386
1974655052
1088758668
1251965512
-529675915
-1506732583
116158144
1410861714
229547166
-2105891585
-135993058
-997728071
1662408554
-245771494
-1891653030
-1433480197
-1692674568
489363939
-1191485244
-2002763912
-2039801621
1973113328
-605583004
168189752
-1572950464
-1954402531
1812437922
-1006803398
495837787
1937380810
618783708
-817537267
-1630025013
-1930157129
-1489942448
-1259652706
-2035145852
970530484
1500198916
-2013678260
1900760454
2044811412
265752487
412203589