2605611517874
2024411744291
1658411165174
2949943906447
192412207454
2212935698412
1204735215879
1553914232453
2199471657799
2610545289770
315886440721
2622625763101
2191052135476
1400116785704
1277711340530
2420722603973
2618150847470
2050557976234
1683675988128
2140446416917
2181555928710
669467449581
1600108145345
789376978210
2644553510644
2615941874992
1049956246737
635408376639
116812077425
281980473204
816729235003
400866989133
2472129734233
709692657163
2815904923589
502110539395
2878099058753
1119160405528
1053544548462
3045095846330
1275301330424
563087650212
2810317242768
1109932683230
818291695323
2807947367709
1632882283201
2837706392626
2720896256974
1923347623806
98321287724
2465458665736
898107326498
53567067480
920258123993
965734289198
1583377279080
101177686262
1751835193564
72094222698
2090588311862
4235094438
425123597848
1499514228108
389870919536
1952523164720
3001832223996
1431988378009
2455241400482
2721792953575
824831788388
2338179876568
2687939377960
52545178399
2277258066679
612883513236
2882867501716
1084421102883
2091735288570
778827935052
1969734041639
2384610392374
1430190493978
1793988073777
1706097494449
1458905419457
369427033544
740062174462
2201775827760
1003848061566
2853766982165
1132101115187
2860553160050
656014333119
48542716785
2186722730330
1037881026165
2435392091562
220289637962
411838813916
1600536202618
1918139577079
1545894490294
929892873121
1517739757585
2543139790532
2828844254988
1960510941251
204373339306
256234984021
2658355326606
2980639031345
2023454457273
82563929150
294058975112
698415478809
2669459989766
416243885473
117022706139
2307461298838
2273635227598
2906538979566
2158634177808
973062547018
1896983235182
1894384612287
3002388467920
310676135028
1411741921668
743566645176
890963326509
72223930
2383077517554
1260856475796
1828060573588
672208323214
1182071765937
2581026211516
2021534257874
773352101060
513792908896
736648436138
1310971230537
3000463314071
1431742555319
2100254955923
534799611692
2815790439672
613350477356
509389095468
1060047778708
1265977495232
965391238696
1892795793238
2233514825055
1657761407161
2627890208332
1179033552823
451300169947
1799226906995
1781231462529
2541955411736
2368096926223
680751332465
358422297739
1993691316375
971571996698
2639354479363
2568600136635
1188591804410
902796256574
2105993257697
1450829025405
1496664188301
391087183511
1366679454864
1758468836902
2071316639329
35170568896
2269359486001
2085638594396
1284224609271
320433396734
2264496009005
2342033608173
2272638757851
1455555929580
527812197441
2959633633119
91848967043
1501940374026
2627492828363
11851632711
2840378134784
535457914814
678653322305
2170161964405
2827139511035
896101816922
3055682731490
2061097461481
1810132277054
782854740475
2915684608217
2979458178117
2656334367946
2453797166405
232151871375
1593209873148
1143206099243
1350165403749
1510509719018
609455848394
2668438738748
3073049042285
2927239425173
1092134602053
1029474550309
2677307570373
286864653992
2121098706903
2356686754531
1161916954835
1821107928201
1460883327999
168054911052
2799015196313
701485141682
76877538543
452163253952
2035724140678
1880519859024
520339072267
2806206402237
1338374718560
158107627974
2248748347040
1818411684992
2391772333931
2707470213231
-9747597180
1118798976173
2687798400830
1552625695120
366513242508
33961097344
1703126534841
1911834910606
2202163349978
1840130703762
2604626170587
2401974443676
2567434733998
233615416412
893543418456
2878331837725
309056743269
2949779158878
1785140706434
115688395206
177711516594
1647661572866
2782216801324
798058935678
2308995548593
2164315065662
1577514186321
2850698408301
2683806002169
387398600617
1068165908143
1470736378041
2895354305953
187675805127
2834600852122
1146421028894
295226741683
2405441841187
2167397235682
635448795896
2490617546512
1656914798472
2171636087181
1054216573720
474843913271
2495644980012
1947584926189
2039305180348
1160521329474
1050986037067
2021961025006
1446628383583
340483742870
1414113191933
2593981521149
202138734763
1383342879765
1138518183232
1136081018339
2976805216828
908577078473
2030866196570
2950180633111
1710092057206
2200578234914
2105851659169
532369745688
2472057571637
124550883314
953335365029
1263717107185
1556063587551
2237823352935
854748296344
1837528090891
1896637874000
2607276502502
32460581905
2704066913515
135645473735
1401853159322
1007475298231
566532666682
872501449086
922844908346
423544091593
28718907513
2062711892500
2390931200426
40370248308
1416860049298
2035790117021
3037309578503
1750547940440
450228237158
2696040165142
2466144632823
2870397729992
1683214876745
2727500089587
735909492291
2361692399215
2643202334627
2148195267240
2447001383930
702640583762
2929831309534
2594824468505
217314750584
1013872508723
2379032093413
2079088089203
1309485223132
1538755763909
45630488326
1711457047691
229417847036
2636027613234
1998166361823
2879246017041
814090326159
2806406502423
1223927879859
1938066555729
453215582196
222749749010
754108552299
941404182833
457352636953
2903644183153
1236956565738
2654788155988
2844024960697
726076118529
1281062434973
2061856800440
2792756725314
644323004271
840835927605
552931278872
21022707696
3000502144139
1281316298309
2299049391195
2952187569110
1951271110331
910054977873
152242125483
1658652821271
1527627435227
1568300976780
101595157783
323945003519
150989727673
1297904822866
3088182168238
1277569620210
1619960140025
478342312908
308089217747
2354089718168
123776967621
1839880831706
2058778285743
1186196051557
2687713457189
930548282208
1930248130519
3004646100604
2968406293772
2754707491694
2894034835935
1990887547146
1669986144170
1683548003890
2068780841001
721852782286
494591238818
2398914093371
2116408336238
681508854763
1576759169974
2932901372583
2317286234047
3021200005418
2978771906787
2782544646465
2573695467561
1649832221104
1067132088771
1585304547162
505971075714
538658225854
462263205313
1854411801547
512419804878
1782421251534
1364334063426
2804750976637
671620403407
2340005909345
1959920600709
1941700045471
1027383547670
2089546606490
118710653466
1700474059919
915708363396
1860748724147
408005003323
1091221646475
659672122705
231813921973
862077362184
1951345266638
114968174265
2694632735110
1320654497762
1088077722605
1148828553397
1680042527504
1105457295143
2729395633124
671082962083
1091927184696
2617728908871
2798304161538
1510038078672
1707935923060
672651653373
771916713209
2692501813379
1938731117649
2754576923105
2390824434620
1674121939003
1316658864592
2486894205366
379214355984
822717779239
292719869235
2342458046108
1166570958174
769616010618
2645719401872
913080545090
2849060181394
2673683107193
3054700541601
1738312085627
581882508270
1309583325710
33389947049
231462787989
1058802410763
666651532190
374032337821
1868623890936
525582691753
1522063998330
2524886300820
1830549748967
2613260561355
1129363197782
381385271068
253711714550
77695675869
1827125183352
177894262894
2704847764932
2048559116565
408569794317
2510513030745
1666410828744
552641081962
2273993977612
610330820281
1859289057962
1517184109121
2494699209957
2782635305739
1754647587096
1288837652298
554335425097
2547321589410
2296210131561
1766885703285
1127842508353
968405224168
2575011970492
510650493171
1850933007030
1764636285355
1623683793657
2327742663416
1004619843573
1289591298436
794503585519
1235429330886
1569866475035
60988271505
2860010983184
570882981328
1294654785153
2561369785700
1901067672076
3082593088530
2733985920854
1548549729929
1400941883085
1420493509648
1621774882113
690629589091
606420053327
349593561203
322994515476
101260644020
283106533551
619287804988
2562644101067
118748521680
516496477847
326125399091
341702819462
2108358566733
2075133737812
2736802597629
2883704676209
704636891668
1458404295597
2561290312165
375585238470
382474674692
2635515721860
339356982307
2906392479724
2077923230161
1858824693536
446030625510
2194203485005
2824327349531
2445515534994
496540950174
2415119114059
396850790929
1595397417368
2418559893445
1102009059263
928905947744
377745220996
1948007027899
1484448896135
2609824475943
3094945800046
839951443370
2242361321426
2602286213699
560367974883
2257078216814
1475693178319
22999151635
1484242965522
3040400480674
2667456482553
2512468853824
1240152265747
2075318162309
2074271861073
1443173721872
722336227073
2793597477457
2873071078791
3024481726480
1819048363485
2843694596134
174895768511
490751891326
2905174107604
2930056772470
2928494746747
2630805487462
2053344675022
140842873003
141918636992
208565895771
156188171875
255529877092
2509063261395
1545734341326
2077316004235
760865395667
155038267528
1956286488178
835291134558
1974800855650
1914524855578
190603457919
2323752036691
676630449998
2867548871954
415511781952
2261432452922
160106430481
63072257101
1079304202240
1548856179430
619444137453
2154251967858
2564659760865
2595207445173
745613978773
1980155701641
2645244354977
2127818269744
67305543105
1709958092411
2205282845987
1723571924403
386832502928
1694470400492
1961737731673
197248877905
408629929740
2149423583437
1443008791909
2832781929433
613233255124
2979816304970
1283817275178
2957878621877
2796815219636
2225891526629
1424794669074
641239104655
221660124194
1621458032698
2882466811143
1328444763259
682559323831
2129003990300
36586160760
227041191214
918783493490
2037786250372
1404926927892
2344553872366
1227826532929
653542226517
2077952198667
2571983806853
3099058113075
2760923489836
18178459179
1902939934950
1936348112277
529605401756
158289616418
350479832187
2486591175590
2004484460154
834556123503
2569376317189
1371282728362
371130312092
398988745033
2240009493726
792938043756
198357926712
1219205800038
1484702073371
1538373844207
2729797391655
2107637677335
448414217535
2753740176044
549677418741
1463569478182
2101146970070
827091761459
1659081471335
261616468155
2515338124838
496219897633
179774617434
1953624028742
354805177985
3053307300743
2508353533356
1826974811991
2437432301770
90213842515
1668969455828
2630625262861
1833647839762
60203693192
673001976294
704517120614
2576163921491
2461270403131
1026533849981
944663896731
2298902401986
1156228875898
3037335301393
658657472683
328854616836
1566931104169
2776026414024
1479656011797
2271924959068
2507470229609
2663280431342
1972337170608
2080962449840
477750414404
2633264396952
894789513226
1388673522919
2196405530956
463777838528
2505178955873
1770031328423
2911611369863
1511310162367
10604594127
1793447697608
1491810818085
2431555382708
2813674956608
2056894682617
2674540296275
127255663075
2802989035476
9062411951
2215213276050
2541229703439
403199480082
2355287433762
1226884877360
1992658672476
39514035432
873228725885
1177384192943
2858740257845
2368249940074
1819470226727
2764018197682
1526155486590
1530720280257
2109535716779
2023639715716
1948481316843
1983073259047
2789676112424
1229543435913
1863597041784
982106538402
1684901004138
2174669545267
994855956891
1926779242354
1448425277485
564780548746
1608164522261
2705488793400
414690429178
-3564844013
1761523171511
1043066037352
900888839030
183913013977
537377756879
2957757397416
90714549232
1748162377144
2341401263090
1056086127161
1988437469969
467569309390
801038693211
1737871438870
1796063371736
2552804145539
2623096778841
46722080043
2969424168636
678535193870
1014314740432
127405939325
390047808937
1310300895669
2380149148876
539243692487
2366667962723
1717017210320
2509672433721
893345095956
814477650314
2234031545918
1837399954569
2938721670548
60662070608
311088532481
1766566228215
3094195133028
388138041055
2188146081197
1967895746203
3038547023669
59988906766
2033316741874
2886323330269
92215302460
1237280618186
1135870484142
2220381521751
1083144047892
635694034943
2929495590375
279827235307
31434350584
1072915401942
2302526349889
1180483717352
840522488527
1819585677269
2422730354922
990237112045
651546165468
827453018800
1161750455784
2441269428503
514863276338
1261355748814
2310862263665
2325213822198
690272560226
2044764168584
757205198536
2866253858778
2472907696224
2994288317018
2748288113689
613037859431
1896211911695
822151701549
1009431169290
2931802519258
1153348142370
1983863816571
1211577134712
1692565235823
1684454698768
1457340754747
64737540908
558695094303
2741991168039
2079217983115
1458870737368
939167620146
1343325097693
1997781128767
2878997898847
2491849120984
1646224662502
127893263789
-10996321676
2931695032676
136549217938
1073604702711
2229170940627
239116071442
657704308144
907777538841
2022525976127
432331475220
2677087952928
2327165641369
181386462365
1688102854235
2256315445274
993672908276
2525021488232
2280960169051
1218812521448
2221578676649
1215765734896
258062577889
1162195241257
2136340390088
2452597806586
2098100122280
2457309586312
2861675051494
1506157179224
2608736817569
1840590922427
747909438921
839648459890
1950039494130
800131669590
606552678468
1874283406808
310471987215
3007983901808
2789619920916
2900872821517
79216977706
1518884623013
2862954028511
1928695692955
782452806696
1685356732076
483446586366
2309953688304
1121224915321
2106372994937
1114472667015
2292994509826
2097981500917
1341046709713
2226167880053
1783450020197
2940763267926
2982548170837
1941771950630
303640329460
242205931406
696666898614
1517973923639
2109871190568
745321784631
3048596244490
2108489918424
505380870266
2586026926787
1907746609584
708592065065
996482824199
355446242053
3067167774329
2136710800366
503794908420
2353077073976
161992697240
2145586170515
2173325445873
1098510050517
146109665807
2245866144328
317335881347
2867493477585
1134194693887
3071802087029
2565658222356
2360784518375
32071750817
3081779670514
1800029341551
875193468498
2373251078800
2246912106591
2764982700080
2406166047818
1942500034031
2152733778600
-10743125586
668313162945
2086781812404
2092123813000
791881214675
1672777913580
2458538845199
363575902261
49366828719
1189685184705
2038871586383
3081158325261
578395252773
2701009767681
2396352628247
1679331961378
2156791021901
284822320208
2310032465001
1826449947746
2143912083610
1565215339407
1798294170061
102140604525
1486964145875
330683171928
1154066319133
950127268679
2703011250557
2109309460012
429491964516
2561983507968
2551742722884
1592083435484
1531077837889
116792026725
2738288820703
1052345447309
28121307472
2595059613272
874507169192
1588417513010
2224631830517
1409423029747
233013152228
2300577213923
581428218385
2136776801226
65972955385
2447972480653
1176284238167
2909173230175
2917192746833
2077272608589
33424559422
1860427967260
2857994771122
2145692468728
61339246905
401799954559
1450392007229
2749905080759
2639841492561
203418468549
2052173212452
1169708815473
1245177063734
1377313457308
2240670198522
1754019225747
1429308943808
2947456548225
2564499155160
1384966129145
1733178828060
821105013002
1827924963665
2123310706052
653393909691
1553249229089
801764924861
1740788612272
2508457969343
703006377532
959479674165
1510517185711
813584187330
391493534474
3049078268164
1244206601709
2854690308337
2691072483694
2936416890268
2366276454632
950442680822
1046920788732
2044728932631
729183881157
2467888003705
256163971959
908802702741
399847031215
2204138081742
996593683441
2912962094934
3075133938878
706754783850
1953492489132
1685569420290
1023739346809
844670624113
1777530798156
22190453594
679942536955
3055414555853
879836655843
1623109887265
1711508021397
1681223636876
319134487259
1472311585895
2154538162617
2659216428772
116174004270
699002526550
249646052874
1818189061826
917392458359
2212804464436
176405298469
2028753079848
121602457386
2171800858780
2991131117321
457947889603
2378494068139
2418030834824
1826834484833
549487130247
1804698680838
1558547329743
1954276630345
650508344249
-253724683
133849303539
92522407109
1132626003850
443174037894
2356012154042
2093145718835
2387348701839
1423823789339
238133836937
2405174369902
1867528970142
2088701262662
2763424270471
2107621160623
1293344783514
1819939425599
2745061497002
2438082712147
1898852201593
921713416885
1597474405265
830828146618
1453366447546
1183687098221
732719203333
1991754301176
1511600979891
2023434261687
1115345703358
3027052019169
1323191729316
2127541695670
69634228533
2169572551374
1841380212967
2898760338321
1039528042396
2464185367861
999182863311
41286426301
1379803751142
3053804276204
1427671420761
1934864151340
2598460834217
718553560624
2147123471118
2351276779194
426806862751
909668430159
1319273889863
1724070558461
90178239423
397763087997
2902111884615
1627095325712
2582992635926
1877274098817
2587909469397
813622701741
1283438996068
1469183832306
2417336995022
2073285127821
1520777376892
3025966118962
1594095227751
2155140283175
2404267210512
538867889352
823249576206
739215585646
2498227782329
1801986788820
443176984560
2264930183361
2049161363954
1103361007900
575919369567
1598969779786
1521638825667
1927218581618
3010906941493
712884053021
344810934119
938771059784
2683612419254
1002881297876
86307912221
409333130541
3086850672131
2613917100393
1515577975441
2726257981655
2164011463713
3074474744407
730069411242
2252998271705
1674063880619
1781523495496
1913973347898
1577021490491
1237144921296
860260947653
609614843884
2397749934663
1374994224249
597891268473
3077697258753
3100989282882
1594130770975
2748146031865
3103286187881
2091099020185
1308935177465
2349807572434
205500840448
2305620853015
976839555866
2049395265599
1087348055358
2027798837166
1562558899408
2645544334230
3065813989930
1592832850533
266074195503
1646819187012
2973633918852
1954883173173
1999870139267
2516848725349
2619142309685
2748888054299
2734247706041
1358956194378
1921827118068
2799702042061
1122455452058
682227864029
195112784684
1604565888964
2354254416778
2678406806936
2630880512639
3071566053274
2280353235992
1205031679527
957484383144
386715439680
1635980825500
1590894616301
962886239768
2643339980307
639372417594
2675365608905
3076023580068
661052643384
606649680156
549855095331
2678175839898
1238912146549
311196542580
1087296411073
2388542308393
1954353095671
2657354136207
1861614989494
2023147616888
592657723774
2792598495677
2082482593423
2798884837557
1342473784403
2265484590165
580078800523
1698717414655
2472832386908
187723324472
2746163947341
1236370080499
1206130049080
105664356396
1302031562013
936581181126
2943796192572
2045754109274
2575388626941
1654188258298
2922678340984
2249918263369
2948447119885
2618810737160
233139120646
2779827043697
1252538865140
2793981252328
553170345939
3083428034271
2362561653258
785890782368
1695735842599
1990998800001
700667858815
1659626815357
1145737430710
1604896211497
537217515594
2913559706637
2462043063485
2668029168324
3081585969161
544211715016
2537229643969
3077189242518
1900512875939
1252498246283
1657108828959
2790261082470
971452133463
657562705446
468988614498
1080505560956
1097659088761
2086201448807
2212284972365
2422899781571
1499864015874
2081762144511
2245631118639
947601163867
2657892539196
453961376530
1522696754565
457223205314
2191005326507
1098011101855
929351991077
896384974679
787659366905
551591930569
686299800728
2039029485774
260057877899
296444868270
2348842204586
839822710564
3081543234014
2828854269082
1404472779071
185888484939
1461265387943
883146673152
572539293182
1617270153628
1090598542376
2596042755573
540089275786
1134420273550
924115017205
768062045881
641974610826
1028926466003
44855581083
2818636240655
1072394847389
157167445354
1466932282062
74967450784
697180519358
565519156165
2243078958959
2436585110015
2521514106401
3084523129252
2329264666279
2650276899545
1334522067943
2702261565135
1486974101001
1578650722250
2955180515498
1427202765600
1968888459762
703321866351
275471296751
1059284777698
-11514785496
1003255563102
76074632239
1619884805708
2014055254124
1336486656130
2946913698050
1851426742071
526688664628
833557582764
1235357655237
2960105737876
2314791727940
828239248953
942914509230
3076872077953
177823207599
831911718259
839954548790
883052350043
1245302166672
249128338949
3037267292603
2474929989080
6871156375
2244003254637
2205382017262
2754802131607
568506361919
212398932991
717565769126
1830918784173
197951176138
1413881758626
921625748323
2097055696972
1836711799593
2913129809518
3103361992409
1693067893492
892335898987
2808579027126
2674970483783
1206771803680
670825783432
2721245074063
236633377927
1058382781227
80701042063
368643288140
1725095703438
2675049597118
2983821378283
2951509317317
756492134594
850567551131
907631301913
2611061407471
1279830029316
2286681325405
1252952546913
632455525839
1210691354210
912700635092
1005580891863
1974149274766
1176449472695
378144336238
535197511082
787438664167
1293810383736
389132686735
624559549380
942253544598
2738537288972
1172743936991
2790544520302
1581180999385
1157737523119
2512743160636
786737715076
745474135849
2753351145214
1723695794411
274568500567
1943535119006
640703051882
2201232555197
2475041573822
2544056377624
889709484688
2730528628772
806442889768
1995380713071
2896733701943
2010421382872
68181429458
1225099294640
1613615802994
608377293280
680909762498
999121538103
2811993597770
2276732608976
1748383039226
355633153886
703826180472
912341390948
2207316292266
1891658109939
1825599828167
751007970365
1386819564787
734521526759
2200912297860
2298212491212
959834489968
783652363681
2486437923054
803506557971
545363101211
74431029793
1228923126446
1389346896676
2544450674088
2437466400825
1891533574382
2116546517166
1873953280428
950987008228
1416015500202
2377607205548
343446498072
1827740087173
2829983282261
1776389829574
559418130550
279066370557
1600952212231
2974784598135
1285277757384
1781393372828
289684899852
1996347838219
2438459067332
2144848572073
2609698286267
2279809509537
2540187337594
1147025073461
2374039792679
2123199565181
1130293011133
-6140351086
2121399737015
2060664746894
2387827729334
1663123950211
2689435942984
896813227071
344530865516
2216098805127
1028885475925
1993072954148
271673782029
1076633711657
1795687880989
2860495638251
203566663807
2576796986730
1630866930797
2936931342627
2368657457418
1527453977348
1984983766148
1704139605053
486961048013
256274604143
1874899224250
1082324649571
1628113627384
2015243015931
292827214531
1336241917350
2124050822377
394200223858
760151139741
672317333226
1695302889309
798503351
-5059292413
-6475409405
-8948742931
-11637790192
-526219908
-8714978294
-7921610083
-6577272506
-7231387721
-4056559644
-8599550826
-4787093817
-9419247437
-6415566350
-7087987194
-214988193
-6151402671
-7695931907
-1123907127
-12054099136
-10710034994
-2191972939
-9215823329
-11465080969
-8468991214
-1351885369
-995561873
-1182681391
-771050696
-6401590363
-11506191987
-8595159013
-1297354004
-8396338141
-2122908462
-8483656920
-1173285392
-8953973445
-5932570508
-9858692102
-2478109572
-12186027082
-5038551385
-11413312816
-4251846311
-6519974489
-5257662599
-10143024690
-11529843016
-32609520
-7605441599
-651221849
-5822153004
-4361773778
-4938439740
-9366447189
-1992398979
-3350538321
-2795402161
-3604625268
-10536187224
-2501023409
-11399179200
-5113261667
-5298163648
-1569106705
-10532022624
-3974803653
-77609359
-1435830534
-4060610053
-7007576078
-10719987707
-5512593759
-6449882742
-9776241741
-2889920084
-9438071159
-3255677853
-5498700682
-10703297670
-689422122
-8785584275
-8746758121
-5698625698
-5418121675
-5975728024
-2002524536
-6703956435
-8038038753
-10117275115
-1384630825
-5436452095
-1095535568
-6577764813
-1336943603
-11616000126
-2036240638
-10740689511
-7639414678
-4984541745
-3560060377
-4310957624
-4444614939
-9830295308
-6705947940
-9057416822
-3029606189
-11250448498
-10761782456
-6041687034
-400313434
-8229307367
-12074520932
-8701390801
-10444476742
-2163169845
-5875650628
-6539155540
-10677414352
-5086577277
-9229529547
-4812132443
-4619650713
-3265544047
-6852572343
-3186304521
-10820754590
-8665910397
-5827977524
-203869649
-3848256802
-8063842970
-10203508659
-6224693978
-744904218
-5204761278
-11808485386
-10138241434
-10200312238
-6501744318
-3879795528
-3788115320
-6745803184
-6542571616
-11938788264
-3149936329
-7031276198
-1900558537
-4452114290
-702722048
-11429670468
-3355904700
-9747011058
-435418680
-1703121342
-920770309
-200736532
-4206425943
-2455367267
-11123240279
-12347373534
-11365422804
-5065858648
-11092104090
-1854538332
-35551313
-7482972806
-6168466734
-10900552219
-3914120394
-4413495047
-7785144082
-2146715216
-8540331490
-3035982561
-6658762293
-4834585905
-1781952141
-6488607693
-3150428707
-5478699047
-4111243811
-9308715421
-4662541899
-3177637524
-9095216118
-2385334728
-199545692
-11511813666
-879673267
-2388857945
-4078488601
-11853590604
-11304940726
-3617431764
-3496653767
-8106566234
-6796908574
-11818733169
-7907349400
-3083530989
-11883934533
-12273253153
-8431343165
-6875853761
-5958260602
-1898326708
-8186382586
-3163951203
-1008958291
-1387796614
-9187412126
-5608480751
-6970662367
-4243098981
-7643590278
-5760718457
-2646774132
-4162685341
-2242146468
-10311229129
-355191823
-9040434001
-7098037897
-3176688429
-12131609307
-12359943221
-7261757018
-11188101699


